{
 "cells": [
  {
   "cell_type": "code",
   "execution_count": 1,
   "metadata": {},
   "outputs": [],
   "source": [
    "import os\n",
    "import pandas as pd\n",
    "import numpy as np\n",
    "from sklearn import preprocessing,metrics \n",
    "from IPython.core.display import HTML\n",
    "pd.set_option(\"display.max_columns\",75)\n",
    "import warnings\n",
    "import math\n",
    "warnings.filterwarnings('ignore')\n",
    "from sklearn.model_selection import train_test_split\n",
    "from sklearn.ensemble import RandomForestClassifier\n",
    "from sklearn.neighbors import KNeighborsClassifier\n",
    "from sklearn.metrics import accuracy_score\n",
    "import matplotlib.pyplot as plt\n",
    "import seaborn as sns\n",
    "%matplotlib inline\n",
    "from sklearn import linear_model,svm\n",
    "from sklearn.metrics import average_precision_score\n",
    "from sklearn.metrics import precision_recall_curve\n",
    "import scipy.io\n",
    "\n"
   ]
  },
  {
   "cell_type": "code",
   "execution_count": 2,
   "metadata": {},
   "outputs": [
    {
     "name": "stdout",
     "output_type": "stream",
     "text": [
      "{'__header__': b'MATLAB 5.0 MAT-file, Platform: PCWIN64, Created on: Mon Jan 01 10:50:20 2018', '__version__': '1.0', '__globals__': [], 'LOSS': array([[6.97399000e+05, 1.35000000e+00, 6.94000000e+01, ...,\n",
      "        1.43158123e-01, 1.27688166e-01, 5.00000000e+00],\n",
      "       [1.08863800e+06, 1.36000000e+00, 6.13000000e+01, ...,\n",
      "        3.10453300e-01, 2.42792748e-01, 2.10000000e+01],\n",
      "       [6.18081000e+05, 1.31000000e+00, 6.60000000e+01, ...,\n",
      "        1.10992426e-01, 1.01224195e-01, 2.00000000e+00],\n",
      "       ...,\n",
      "       [1.28823500e+06, 1.19810000e+00, 7.83858000e+01, ...,\n",
      "        3.49308824e-01, 2.87741267e-01, 2.00000000e+00],\n",
      "       [4.51543000e+05, 1.24880000e+00, 7.42306000e+01, ...,\n",
      "        3.18033139e-01, 2.88972719e-01, 1.10000000e+01],\n",
      "       [9.25922000e+05, 1.30180000e+00, 6.48609000e+01, ...,\n",
      "        2.69554659e-01, 2.29872462e-01, 1.00000000e+00]])}\n"
     ]
    },
    {
     "data": {
      "text/html": [
       "<div>\n",
       "<style scoped>\n",
       "    .dataframe tbody tr th:only-of-type {\n",
       "        vertical-align: middle;\n",
       "    }\n",
       "\n",
       "    .dataframe tbody tr th {\n",
       "        vertical-align: top;\n",
       "    }\n",
       "\n",
       "    .dataframe thead th {\n",
       "        text-align: right;\n",
       "    }\n",
       "</style>\n",
       "<table border=\"1\" class=\"dataframe\">\n",
       "  <thead>\n",
       "    <tr style=\"text-align: right;\">\n",
       "      <th></th>\n",
       "      <th>NOI</th>\n",
       "      <th>DSCR</th>\n",
       "      <th>LTV</th>\n",
       "      <th>Balance</th>\n",
       "      <th>Rate</th>\n",
       "      <th>Fee</th>\n",
       "      <th>Net Mortgage Rate</th>\n",
       "      <th>Year Built</th>\n",
       "      <th>Occupancy</th>\n",
       "      <th>ZipPop</th>\n",
       "      <th>CR</th>\n",
       "      <th>CS</th>\n",
       "      <th>CS Ratio</th>\n",
       "      <th>NOI Ratio</th>\n",
       "      <th>PV Ratio</th>\n",
       "      <th>IR</th>\n",
       "      <th>Renovation</th>\n",
       "      <th>Loss</th>\n",
       "    </tr>\n",
       "  </thead>\n",
       "  <tbody>\n",
       "    <tr>\n",
       "      <th>0</th>\n",
       "      <td>697399.0</td>\n",
       "      <td>1.35</td>\n",
       "      <td>69.4</td>\n",
       "      <td>7250000.0</td>\n",
       "      <td>5.25</td>\n",
       "      <td>0.0312</td>\n",
       "      <td>5.2188</td>\n",
       "      <td>1998.0</td>\n",
       "      <td>100.0</td>\n",
       "      <td>22919.0</td>\n",
       "      <td>7.663725</td>\n",
       "      <td>351.880464</td>\n",
       "      <td>1.136903</td>\n",
       "      <td>4.144921</td>\n",
       "      <td>0.143158</td>\n",
       "      <td>0.127688</td>\n",
       "      <td>5.0</td>\n",
       "      <td>1</td>\n",
       "    </tr>\n",
       "    <tr>\n",
       "      <th>1</th>\n",
       "      <td>1088638.0</td>\n",
       "      <td>1.36</td>\n",
       "      <td>61.3</td>\n",
       "      <td>9100000.0</td>\n",
       "      <td>5.52</td>\n",
       "      <td>0.0312</td>\n",
       "      <td>5.4888</td>\n",
       "      <td>1984.0</td>\n",
       "      <td>95.4</td>\n",
       "      <td>23129.0</td>\n",
       "      <td>8.779339</td>\n",
       "      <td>463.441807</td>\n",
       "      <td>1.502204</td>\n",
       "      <td>4.144921</td>\n",
       "      <td>0.310453</td>\n",
       "      <td>0.242793</td>\n",
       "      <td>21.0</td>\n",
       "      <td>1</td>\n",
       "    </tr>\n",
       "    <tr>\n",
       "      <th>2</th>\n",
       "      <td>618081.0</td>\n",
       "      <td>1.31</td>\n",
       "      <td>66.0</td>\n",
       "      <td>6650000.0</td>\n",
       "      <td>5.45</td>\n",
       "      <td>0.0312</td>\n",
       "      <td>5.4188</td>\n",
       "      <td>2001.0</td>\n",
       "      <td>87.2</td>\n",
       "      <td>32504.0</td>\n",
       "      <td>7.358107</td>\n",
       "      <td>293.888839</td>\n",
       "      <td>1.076208</td>\n",
       "      <td>4.419219</td>\n",
       "      <td>0.110992</td>\n",
       "      <td>0.101224</td>\n",
       "      <td>2.0</td>\n",
       "      <td>1</td>\n",
       "    </tr>\n",
       "    <tr>\n",
       "      <th>3</th>\n",
       "      <td>260695.0</td>\n",
       "      <td>1.55</td>\n",
       "      <td>64.2</td>\n",
       "      <td>2600000.0</td>\n",
       "      <td>5.21</td>\n",
       "      <td>0.1112</td>\n",
       "      <td>5.0988</td>\n",
       "      <td>1965.0</td>\n",
       "      <td>100.0</td>\n",
       "      <td>32376.0</td>\n",
       "      <td>7.781940</td>\n",
       "      <td>353.971808</td>\n",
       "      <td>3.315033</td>\n",
       "      <td>4.242222</td>\n",
       "      <td>0.117658</td>\n",
       "      <td>0.080235</td>\n",
       "      <td>40.0</td>\n",
       "      <td>1</td>\n",
       "    </tr>\n",
       "    <tr>\n",
       "      <th>4</th>\n",
       "      <td>607133.0</td>\n",
       "      <td>1.26</td>\n",
       "      <td>65.8</td>\n",
       "      <td>6500000.0</td>\n",
       "      <td>5.29</td>\n",
       "      <td>0.0312</td>\n",
       "      <td>5.2588</td>\n",
       "      <td>1970.0</td>\n",
       "      <td>100.0</td>\n",
       "      <td>12942.0</td>\n",
       "      <td>7.404061</td>\n",
       "      <td>316.183875</td>\n",
       "      <td>2.961139</td>\n",
       "      <td>4.242222</td>\n",
       "      <td>0.274014</td>\n",
       "      <td>0.196397</td>\n",
       "      <td>4.0</td>\n",
       "      <td>1</td>\n",
       "    </tr>\n",
       "  </tbody>\n",
       "</table>\n",
       "</div>"
      ],
      "text/plain": [
       "         NOI  DSCR   LTV    Balance  Rate     Fee  Net Mortgage Rate  \\\n",
       "0   697399.0  1.35  69.4  7250000.0  5.25  0.0312             5.2188   \n",
       "1  1088638.0  1.36  61.3  9100000.0  5.52  0.0312             5.4888   \n",
       "2   618081.0  1.31  66.0  6650000.0  5.45  0.0312             5.4188   \n",
       "3   260695.0  1.55  64.2  2600000.0  5.21  0.1112             5.0988   \n",
       "4   607133.0  1.26  65.8  6500000.0  5.29  0.0312             5.2588   \n",
       "\n",
       "   Year Built  Occupancy   ZipPop        CR          CS  CS Ratio  NOI Ratio  \\\n",
       "0      1998.0      100.0  22919.0  7.663725  351.880464  1.136903   4.144921   \n",
       "1      1984.0       95.4  23129.0  8.779339  463.441807  1.502204   4.144921   \n",
       "2      2001.0       87.2  32504.0  7.358107  293.888839  1.076208   4.419219   \n",
       "3      1965.0      100.0  32376.0  7.781940  353.971808  3.315033   4.242222   \n",
       "4      1970.0      100.0  12942.0  7.404061  316.183875  2.961139   4.242222   \n",
       "\n",
       "   PV Ratio        IR  Renovation  Loss  \n",
       "0  0.143158  0.127688         5.0     1  \n",
       "1  0.310453  0.242793        21.0     1  \n",
       "2  0.110992  0.101224         2.0     1  \n",
       "3  0.117658  0.080235        40.0     1  \n",
       "4  0.274014  0.196397         4.0     1  "
      ]
     },
     "execution_count": 2,
     "metadata": {},
     "output_type": "execute_result"
    }
   ],
   "source": [
    "df1 = pd.read_excel('JPM Disposed.xlsx', skiprows = 1)\n",
    "df2 = pd.read_excel('ML Disposed.xlsx', skiprows = 1)\n",
    "df3 = pd.read_excel('BACM Disposed.xlsx', skiprows = 1)\n",
    "df4 = pd.read_excel('SBM Disposed.xlsx', skiprows = 1)\n",
    "df5 = pd.read_excel('CS Disposed.xlsx', skiprows = 1)\n",
    "df5 = df5.drop(df5.columns[0],1)\n",
    "mat_file= scipy.io.loadmat('LOSS.mat')\n",
    "mat_file_pay = scipy.io.loadmat('PAY.mat')\n",
    "#print(mat_file['LOSS'])\n",
    "print(mat_file)\n",
    "\n",
    "np_array = np.array(mat_file['LOSS'])\n",
    "df6 = pd.DataFrame(np_array)\n",
    "df6.columns = ['NOI','DSCR','LTV','Balance','Rate','Fee','Net Mortgage Rate','Year Built','Occupancy','ZipPop','CR','CS','CS Ratio','NOI Ratio','PV Ratio','IR','Renovation']\n",
    "df6.insert(len(df6.columns),'Loss', 1)\n",
    "df6.head()\n"
   ]
  },
  {
   "cell_type": "code",
   "execution_count": 4,
   "metadata": {
    "scrolled": true
   },
   "outputs": [
    {
     "data": {
      "text/html": [
       "<div>\n",
       "<style scoped>\n",
       "    .dataframe tbody tr th:only-of-type {\n",
       "        vertical-align: middle;\n",
       "    }\n",
       "\n",
       "    .dataframe tbody tr th {\n",
       "        vertical-align: top;\n",
       "    }\n",
       "\n",
       "    .dataframe thead th {\n",
       "        text-align: right;\n",
       "    }\n",
       "</style>\n",
       "<table border=\"1\" class=\"dataframe\">\n",
       "  <thead>\n",
       "    <tr style=\"text-align: right;\">\n",
       "      <th></th>\n",
       "      <th>NOI</th>\n",
       "      <th>DSCR</th>\n",
       "      <th>LTV</th>\n",
       "      <th>Balance</th>\n",
       "      <th>Rate</th>\n",
       "      <th>Fee</th>\n",
       "      <th>Net Mortgage Rate</th>\n",
       "      <th>Year Built</th>\n",
       "      <th>Occupancy</th>\n",
       "      <th>ZipPop</th>\n",
       "      <th>CR</th>\n",
       "      <th>CS</th>\n",
       "      <th>CS Ratio</th>\n",
       "      <th>NOI Ratio</th>\n",
       "      <th>PV Ratio</th>\n",
       "      <th>IR</th>\n",
       "      <th>Renovation</th>\n",
       "      <th>Loss</th>\n",
       "    </tr>\n",
       "  </thead>\n",
       "  <tbody>\n",
       "    <tr>\n",
       "      <th>0</th>\n",
       "      <td>601087.0</td>\n",
       "      <td>1.73</td>\n",
       "      <td>41.8</td>\n",
       "      <td>5800000.0</td>\n",
       "      <td>5.19</td>\n",
       "      <td>0.0312</td>\n",
       "      <td>5.1588</td>\n",
       "      <td>1955.0</td>\n",
       "      <td>77.8</td>\n",
       "      <td>15149.0</td>\n",
       "      <td>5.231393</td>\n",
       "      <td>98.917029</td>\n",
       "      <td>0.358684</td>\n",
       "      <td>4.242222</td>\n",
       "      <td>0.423695</td>\n",
       "      <td>0.577329</td>\n",
       "      <td>4.0</td>\n",
       "      <td>0</td>\n",
       "    </tr>\n",
       "    <tr>\n",
       "      <th>1</th>\n",
       "      <td>352982.0</td>\n",
       "      <td>1.30</td>\n",
       "      <td>60.1</td>\n",
       "      <td>3200000.0</td>\n",
       "      <td>5.55</td>\n",
       "      <td>0.0812</td>\n",
       "      <td>5.4688</td>\n",
       "      <td>1986.0</td>\n",
       "      <td>100.0</td>\n",
       "      <td>24668.0</td>\n",
       "      <td>8.694138</td>\n",
       "      <td>445.191571</td>\n",
       "      <td>1.937487</td>\n",
       "      <td>4.242222</td>\n",
       "      <td>0.090875</td>\n",
       "      <td>0.066759</td>\n",
       "      <td>6.0</td>\n",
       "      <td>0</td>\n",
       "    </tr>\n",
       "    <tr>\n",
       "      <th>2</th>\n",
       "      <td>489518.0</td>\n",
       "      <td>1.87</td>\n",
       "      <td>36.9</td>\n",
       "      <td>3100000.0</td>\n",
       "      <td>5.39</td>\n",
       "      <td>0.0312</td>\n",
       "      <td>5.3588</td>\n",
       "      <td>1999.0</td>\n",
       "      <td>100.0</td>\n",
       "      <td>44813.0</td>\n",
       "      <td>6.993114</td>\n",
       "      <td>275.089206</td>\n",
       "      <td>0.997503</td>\n",
       "      <td>4.242222</td>\n",
       "      <td>0.345052</td>\n",
       "      <td>0.351724</td>\n",
       "      <td>6.0</td>\n",
       "      <td>0</td>\n",
       "    </tr>\n",
       "    <tr>\n",
       "      <th>3</th>\n",
       "      <td>464180.0</td>\n",
       "      <td>1.40</td>\n",
       "      <td>65.4</td>\n",
       "      <td>5100000.0</td>\n",
       "      <td>5.21</td>\n",
       "      <td>0.0712</td>\n",
       "      <td>5.1388</td>\n",
       "      <td>1978.0</td>\n",
       "      <td>84.6</td>\n",
       "      <td>32364.0</td>\n",
       "      <td>7.196589</td>\n",
       "      <td>295.436693</td>\n",
       "      <td>2.766837</td>\n",
       "      <td>4.242222</td>\n",
       "      <td>0.209496</td>\n",
       "      <td>0.154483</td>\n",
       "      <td>1.0</td>\n",
       "      <td>0</td>\n",
       "    </tr>\n",
       "    <tr>\n",
       "      <th>4</th>\n",
       "      <td>576244.0</td>\n",
       "      <td>1.26</td>\n",
       "      <td>61.5</td>\n",
       "      <td>6600000.0</td>\n",
       "      <td>5.16</td>\n",
       "      <td>0.0312</td>\n",
       "      <td>5.1288</td>\n",
       "      <td>1979.0</td>\n",
       "      <td>90.1</td>\n",
       "      <td>30491.0</td>\n",
       "      <td>6.332352</td>\n",
       "      <td>209.012943</td>\n",
       "      <td>1.957457</td>\n",
       "      <td>4.242222</td>\n",
       "      <td>0.260073</td>\n",
       "      <td>0.217952</td>\n",
       "      <td>26.0</td>\n",
       "      <td>0</td>\n",
       "    </tr>\n",
       "  </tbody>\n",
       "</table>\n",
       "</div>"
      ],
      "text/plain": [
       "        NOI  DSCR   LTV    Balance  Rate     Fee  Net Mortgage Rate  \\\n",
       "0  601087.0  1.73  41.8  5800000.0  5.19  0.0312             5.1588   \n",
       "1  352982.0  1.30  60.1  3200000.0  5.55  0.0812             5.4688   \n",
       "2  489518.0  1.87  36.9  3100000.0  5.39  0.0312             5.3588   \n",
       "3  464180.0  1.40  65.4  5100000.0  5.21  0.0712             5.1388   \n",
       "4  576244.0  1.26  61.5  6600000.0  5.16  0.0312             5.1288   \n",
       "\n",
       "   Year Built  Occupancy   ZipPop        CR          CS  CS Ratio  NOI Ratio  \\\n",
       "0      1955.0       77.8  15149.0  5.231393   98.917029  0.358684   4.242222   \n",
       "1      1986.0      100.0  24668.0  8.694138  445.191571  1.937487   4.242222   \n",
       "2      1999.0      100.0  44813.0  6.993114  275.089206  0.997503   4.242222   \n",
       "3      1978.0       84.6  32364.0  7.196589  295.436693  2.766837   4.242222   \n",
       "4      1979.0       90.1  30491.0  6.332352  209.012943  1.957457   4.242222   \n",
       "\n",
       "   PV Ratio        IR  Renovation  Loss  \n",
       "0  0.423695  0.577329         4.0     0  \n",
       "1  0.090875  0.066759         6.0     0  \n",
       "2  0.345052  0.351724         6.0     0  \n",
       "3  0.209496  0.154483         1.0     0  \n",
       "4  0.260073  0.217952        26.0     0  "
      ]
     },
     "execution_count": 4,
     "metadata": {},
     "output_type": "execute_result"
    }
   ],
   "source": [
    "\n",
    "df7 = pd.DataFrame(np.array(mat_file_pay['PAY']))\n",
    "df7.columns = ['NOI','DSCR','LTV','Balance','Rate','Fee','Net Mortgage Rate','Year Built','Occupancy','ZipPop','CR','CS','CS Ratio','NOI Ratio','PV Ratio','IR','Renovation']\n",
    "df7.insert(len(df7.columns),'Loss', 0)\n",
    "df7.head()\n"
   ]
  },
  {
   "cell_type": "code",
   "execution_count": 93,
   "metadata": {
    "scrolled": true
   },
   "outputs": [
    {
     "data": {
      "text/html": [
       "<div>\n",
       "<style scoped>\n",
       "    .dataframe tbody tr th:only-of-type {\n",
       "        vertical-align: middle;\n",
       "    }\n",
       "\n",
       "    .dataframe tbody tr th {\n",
       "        vertical-align: top;\n",
       "    }\n",
       "\n",
       "    .dataframe thead th {\n",
       "        text-align: right;\n",
       "    }\n",
       "</style>\n",
       "<table border=\"1\" class=\"dataframe\">\n",
       "  <thead>\n",
       "    <tr style=\"text-align: right;\">\n",
       "      <th></th>\n",
       "      <th>NOI</th>\n",
       "      <th>DSCR</th>\n",
       "      <th>LTV</th>\n",
       "      <th>Balance</th>\n",
       "      <th>Rate</th>\n",
       "      <th>Fee</th>\n",
       "      <th>Net Mortgage Rate</th>\n",
       "      <th>Year Built</th>\n",
       "      <th>Occupancy</th>\n",
       "      <th>ZipPop</th>\n",
       "      <th>CR</th>\n",
       "      <th>CS</th>\n",
       "      <th>CS Ratio</th>\n",
       "      <th>NOI Ratio</th>\n",
       "      <th>PV Ratio</th>\n",
       "      <th>IR</th>\n",
       "      <th>Renovation</th>\n",
       "      <th>Loss</th>\n",
       "    </tr>\n",
       "  </thead>\n",
       "  <tbody>\n",
       "    <tr>\n",
       "      <th>NOI</th>\n",
       "      <td>1.000000</td>\n",
       "      <td>0.122950</td>\n",
       "      <td>-0.015557</td>\n",
       "      <td>0.904979</td>\n",
       "      <td>-0.092564</td>\n",
       "      <td>-0.099187</td>\n",
       "      <td>-0.088382</td>\n",
       "      <td>-0.004661</td>\n",
       "      <td>-0.097906</td>\n",
       "      <td>-0.099355</td>\n",
       "      <td>-0.039261</td>\n",
       "      <td>-0.031610</td>\n",
       "      <td>-0.013732</td>\n",
       "      <td>-0.028327</td>\n",
       "      <td>0.941002</td>\n",
       "      <td>0.938568</td>\n",
       "      <td>-0.025669</td>\n",
       "      <td>-0.033794</td>\n",
       "    </tr>\n",
       "    <tr>\n",
       "      <th>DSCR</th>\n",
       "      <td>0.122950</td>\n",
       "      <td>1.000000</td>\n",
       "      <td>-0.400696</td>\n",
       "      <td>0.038571</td>\n",
       "      <td>-0.158859</td>\n",
       "      <td>-0.006513</td>\n",
       "      <td>-0.158908</td>\n",
       "      <td>-0.057814</td>\n",
       "      <td>-0.055856</td>\n",
       "      <td>-0.027073</td>\n",
       "      <td>0.062389</td>\n",
       "      <td>0.099111</td>\n",
       "      <td>0.028159</td>\n",
       "      <td>-0.132254</td>\n",
       "      <td>0.142474</td>\n",
       "      <td>0.162486</td>\n",
       "      <td>0.022581</td>\n",
       "      <td>-0.094803</td>\n",
       "    </tr>\n",
       "    <tr>\n",
       "      <th>LTV</th>\n",
       "      <td>-0.015557</td>\n",
       "      <td>-0.400696</td>\n",
       "      <td>1.000000</td>\n",
       "      <td>0.088660</td>\n",
       "      <td>0.072736</td>\n",
       "      <td>0.007184</td>\n",
       "      <td>0.074860</td>\n",
       "      <td>0.106693</td>\n",
       "      <td>0.035194</td>\n",
       "      <td>-0.018046</td>\n",
       "      <td>-0.037836</td>\n",
       "      <td>-0.072655</td>\n",
       "      <td>0.022562</td>\n",
       "      <td>0.125718</td>\n",
       "      <td>-0.018622</td>\n",
       "      <td>-0.033788</td>\n",
       "      <td>-0.051427</td>\n",
       "      <td>0.185997</td>\n",
       "    </tr>\n",
       "    <tr>\n",
       "      <th>Balance</th>\n",
       "      <td>0.904979</td>\n",
       "      <td>0.038571</td>\n",
       "      <td>0.088660</td>\n",
       "      <td>1.000000</td>\n",
       "      <td>-0.134484</td>\n",
       "      <td>-0.141188</td>\n",
       "      <td>-0.128766</td>\n",
       "      <td>-0.004555</td>\n",
       "      <td>-0.082617</td>\n",
       "      <td>-0.078491</td>\n",
       "      <td>-0.181428</td>\n",
       "      <td>-0.172316</td>\n",
       "      <td>-0.058362</td>\n",
       "      <td>-0.035737</td>\n",
       "      <td>0.842617</td>\n",
       "      <td>0.872621</td>\n",
       "      <td>-0.037524</td>\n",
       "      <td>-0.016545</td>\n",
       "    </tr>\n",
       "    <tr>\n",
       "      <th>Rate</th>\n",
       "      <td>-0.092564</td>\n",
       "      <td>-0.158859</td>\n",
       "      <td>0.072736</td>\n",
       "      <td>-0.134484</td>\n",
       "      <td>1.000000</td>\n",
       "      <td>0.265024</td>\n",
       "      <td>0.993967</td>\n",
       "      <td>-0.052757</td>\n",
       "      <td>0.016078</td>\n",
       "      <td>-0.027228</td>\n",
       "      <td>0.356323</td>\n",
       "      <td>0.143955</td>\n",
       "      <td>0.030534</td>\n",
       "      <td>0.775484</td>\n",
       "      <td>-0.087840</td>\n",
       "      <td>-0.111365</td>\n",
       "      <td>-0.041804</td>\n",
       "      <td>0.045590</td>\n",
       "    </tr>\n",
       "    <tr>\n",
       "      <th>Fee</th>\n",
       "      <td>-0.099187</td>\n",
       "      <td>-0.006513</td>\n",
       "      <td>0.007184</td>\n",
       "      <td>-0.141188</td>\n",
       "      <td>0.265024</td>\n",
       "      <td>1.000000</td>\n",
       "      <td>0.230023</td>\n",
       "      <td>0.022689</td>\n",
       "      <td>0.063613</td>\n",
       "      <td>-0.007794</td>\n",
       "      <td>0.264194</td>\n",
       "      <td>0.228534</td>\n",
       "      <td>-0.025352</td>\n",
       "      <td>0.133246</td>\n",
       "      <td>-0.085985</td>\n",
       "      <td>-0.085975</td>\n",
       "      <td>-0.002223</td>\n",
       "      <td>-0.020853</td>\n",
       "    </tr>\n",
       "    <tr>\n",
       "      <th>Net Mortgage Rate</th>\n",
       "      <td>-0.088382</td>\n",
       "      <td>-0.158908</td>\n",
       "      <td>0.074860</td>\n",
       "      <td>-0.128766</td>\n",
       "      <td>0.993967</td>\n",
       "      <td>0.230023</td>\n",
       "      <td>1.000000</td>\n",
       "      <td>-0.050146</td>\n",
       "      <td>0.014589</td>\n",
       "      <td>-0.025839</td>\n",
       "      <td>0.347239</td>\n",
       "      <td>0.135462</td>\n",
       "      <td>0.030513</td>\n",
       "      <td>0.773203</td>\n",
       "      <td>-0.084010</td>\n",
       "      <td>-0.107677</td>\n",
       "      <td>-0.040708</td>\n",
       "      <td>0.047168</td>\n",
       "    </tr>\n",
       "    <tr>\n",
       "      <th>Year Built</th>\n",
       "      <td>-0.004661</td>\n",
       "      <td>-0.057814</td>\n",
       "      <td>0.106693</td>\n",
       "      <td>-0.004555</td>\n",
       "      <td>-0.052757</td>\n",
       "      <td>0.022689</td>\n",
       "      <td>-0.050146</td>\n",
       "      <td>1.000000</td>\n",
       "      <td>-0.033207</td>\n",
       "      <td>0.086123</td>\n",
       "      <td>-0.028604</td>\n",
       "      <td>-0.018969</td>\n",
       "      <td>0.033025</td>\n",
       "      <td>-0.035368</td>\n",
       "      <td>-0.000924</td>\n",
       "      <td>-0.009677</td>\n",
       "      <td>-0.287432</td>\n",
       "      <td>0.010995</td>\n",
       "    </tr>\n",
       "    <tr>\n",
       "      <th>Occupancy</th>\n",
       "      <td>-0.097906</td>\n",
       "      <td>-0.055856</td>\n",
       "      <td>0.035194</td>\n",
       "      <td>-0.082617</td>\n",
       "      <td>0.016078</td>\n",
       "      <td>0.063613</td>\n",
       "      <td>0.014589</td>\n",
       "      <td>-0.033207</td>\n",
       "      <td>1.000000</td>\n",
       "      <td>0.071285</td>\n",
       "      <td>-0.074684</td>\n",
       "      <td>-0.095288</td>\n",
       "      <td>-0.083508</td>\n",
       "      <td>0.073618</td>\n",
       "      <td>-0.163542</td>\n",
       "      <td>-0.102381</td>\n",
       "      <td>0.072179</td>\n",
       "      <td>-0.045576</td>\n",
       "    </tr>\n",
       "    <tr>\n",
       "      <th>ZipPop</th>\n",
       "      <td>-0.099355</td>\n",
       "      <td>-0.027073</td>\n",
       "      <td>-0.018046</td>\n",
       "      <td>-0.078491</td>\n",
       "      <td>-0.027228</td>\n",
       "      <td>-0.007794</td>\n",
       "      <td>-0.025839</td>\n",
       "      <td>0.086123</td>\n",
       "      <td>0.071285</td>\n",
       "      <td>1.000000</td>\n",
       "      <td>-0.088917</td>\n",
       "      <td>-0.087453</td>\n",
       "      <td>0.005195</td>\n",
       "      <td>-0.006626</td>\n",
       "      <td>-0.097969</td>\n",
       "      <td>-0.088293</td>\n",
       "      <td>0.047940</td>\n",
       "      <td>-0.020596</td>\n",
       "    </tr>\n",
       "    <tr>\n",
       "      <th>CR</th>\n",
       "      <td>-0.039261</td>\n",
       "      <td>0.062389</td>\n",
       "      <td>-0.037836</td>\n",
       "      <td>-0.181428</td>\n",
       "      <td>0.356323</td>\n",
       "      <td>0.264194</td>\n",
       "      <td>0.347239</td>\n",
       "      <td>-0.028604</td>\n",
       "      <td>-0.074684</td>\n",
       "      <td>-0.088917</td>\n",
       "      <td>1.000000</td>\n",
       "      <td>0.962149</td>\n",
       "      <td>0.286695</td>\n",
       "      <td>0.152099</td>\n",
       "      <td>-0.000892</td>\n",
       "      <td>-0.130886</td>\n",
       "      <td>0.030717</td>\n",
       "      <td>0.014636</td>\n",
       "    </tr>\n",
       "    <tr>\n",
       "      <th>CS</th>\n",
       "      <td>-0.031610</td>\n",
       "      <td>0.099111</td>\n",
       "      <td>-0.072655</td>\n",
       "      <td>-0.172316</td>\n",
       "      <td>0.143955</td>\n",
       "      <td>0.228534</td>\n",
       "      <td>0.135462</td>\n",
       "      <td>-0.018969</td>\n",
       "      <td>-0.095288</td>\n",
       "      <td>-0.087453</td>\n",
       "      <td>0.962149</td>\n",
       "      <td>1.000000</td>\n",
       "      <td>0.282202</td>\n",
       "      <td>-0.123010</td>\n",
       "      <td>0.009025</td>\n",
       "      <td>-0.119246</td>\n",
       "      <td>0.041770</td>\n",
       "      <td>0.003225</td>\n",
       "    </tr>\n",
       "    <tr>\n",
       "      <th>CS Ratio</th>\n",
       "      <td>-0.013732</td>\n",
       "      <td>0.028159</td>\n",
       "      <td>0.022562</td>\n",
       "      <td>-0.058362</td>\n",
       "      <td>0.030534</td>\n",
       "      <td>-0.025352</td>\n",
       "      <td>0.030513</td>\n",
       "      <td>0.033025</td>\n",
       "      <td>-0.083508</td>\n",
       "      <td>0.005195</td>\n",
       "      <td>0.286695</td>\n",
       "      <td>0.282202</td>\n",
       "      <td>1.000000</td>\n",
       "      <td>0.020543</td>\n",
       "      <td>0.019085</td>\n",
       "      <td>-0.040094</td>\n",
       "      <td>0.025248</td>\n",
       "      <td>-0.094276</td>\n",
       "    </tr>\n",
       "    <tr>\n",
       "      <th>NOI Ratio</th>\n",
       "      <td>-0.028327</td>\n",
       "      <td>-0.132254</td>\n",
       "      <td>0.125718</td>\n",
       "      <td>-0.035737</td>\n",
       "      <td>0.775484</td>\n",
       "      <td>0.133246</td>\n",
       "      <td>0.773203</td>\n",
       "      <td>-0.035368</td>\n",
       "      <td>0.073618</td>\n",
       "      <td>-0.006626</td>\n",
       "      <td>0.152099</td>\n",
       "      <td>-0.123010</td>\n",
       "      <td>0.020543</td>\n",
       "      <td>1.000000</td>\n",
       "      <td>-0.035979</td>\n",
       "      <td>-0.044155</td>\n",
       "      <td>-0.039629</td>\n",
       "      <td>0.041599</td>\n",
       "    </tr>\n",
       "    <tr>\n",
       "      <th>PV Ratio</th>\n",
       "      <td>0.941002</td>\n",
       "      <td>0.142474</td>\n",
       "      <td>-0.018622</td>\n",
       "      <td>0.842617</td>\n",
       "      <td>-0.087840</td>\n",
       "      <td>-0.085985</td>\n",
       "      <td>-0.084010</td>\n",
       "      <td>-0.000924</td>\n",
       "      <td>-0.163542</td>\n",
       "      <td>-0.097969</td>\n",
       "      <td>-0.000892</td>\n",
       "      <td>0.009025</td>\n",
       "      <td>0.019085</td>\n",
       "      <td>-0.035979</td>\n",
       "      <td>1.000000</td>\n",
       "      <td>0.946807</td>\n",
       "      <td>-0.031386</td>\n",
       "      <td>-0.045671</td>\n",
       "    </tr>\n",
       "    <tr>\n",
       "      <th>IR</th>\n",
       "      <td>0.938568</td>\n",
       "      <td>0.162486</td>\n",
       "      <td>-0.033788</td>\n",
       "      <td>0.872621</td>\n",
       "      <td>-0.111365</td>\n",
       "      <td>-0.085975</td>\n",
       "      <td>-0.107677</td>\n",
       "      <td>-0.009677</td>\n",
       "      <td>-0.102381</td>\n",
       "      <td>-0.088293</td>\n",
       "      <td>-0.130886</td>\n",
       "      <td>-0.119246</td>\n",
       "      <td>-0.040094</td>\n",
       "      <td>-0.044155</td>\n",
       "      <td>0.946807</td>\n",
       "      <td>1.000000</td>\n",
       "      <td>-0.028525</td>\n",
       "      <td>-0.058062</td>\n",
       "    </tr>\n",
       "    <tr>\n",
       "      <th>Renovation</th>\n",
       "      <td>-0.025669</td>\n",
       "      <td>0.022581</td>\n",
       "      <td>-0.051427</td>\n",
       "      <td>-0.037524</td>\n",
       "      <td>-0.041804</td>\n",
       "      <td>-0.002223</td>\n",
       "      <td>-0.040708</td>\n",
       "      <td>-0.287432</td>\n",
       "      <td>0.072179</td>\n",
       "      <td>0.047940</td>\n",
       "      <td>0.030717</td>\n",
       "      <td>0.041770</td>\n",
       "      <td>0.025248</td>\n",
       "      <td>-0.039629</td>\n",
       "      <td>-0.031386</td>\n",
       "      <td>-0.028525</td>\n",
       "      <td>1.000000</td>\n",
       "      <td>-0.045033</td>\n",
       "    </tr>\n",
       "    <tr>\n",
       "      <th>Loss</th>\n",
       "      <td>-0.033794</td>\n",
       "      <td>-0.094803</td>\n",
       "      <td>0.185997</td>\n",
       "      <td>-0.016545</td>\n",
       "      <td>0.045590</td>\n",
       "      <td>-0.020853</td>\n",
       "      <td>0.047168</td>\n",
       "      <td>0.010995</td>\n",
       "      <td>-0.045576</td>\n",
       "      <td>-0.020596</td>\n",
       "      <td>0.014636</td>\n",
       "      <td>0.003225</td>\n",
       "      <td>-0.094276</td>\n",
       "      <td>0.041599</td>\n",
       "      <td>-0.045671</td>\n",
       "      <td>-0.058062</td>\n",
       "      <td>-0.045033</td>\n",
       "      <td>1.000000</td>\n",
       "    </tr>\n",
       "  </tbody>\n",
       "</table>\n",
       "</div>"
      ],
      "text/plain": [
       "                        NOI      DSCR       LTV   Balance      Rate       Fee  \\\n",
       "NOI                1.000000  0.122950 -0.015557  0.904979 -0.092564 -0.099187   \n",
       "DSCR               0.122950  1.000000 -0.400696  0.038571 -0.158859 -0.006513   \n",
       "LTV               -0.015557 -0.400696  1.000000  0.088660  0.072736  0.007184   \n",
       "Balance            0.904979  0.038571  0.088660  1.000000 -0.134484 -0.141188   \n",
       "Rate              -0.092564 -0.158859  0.072736 -0.134484  1.000000  0.265024   \n",
       "Fee               -0.099187 -0.006513  0.007184 -0.141188  0.265024  1.000000   \n",
       "Net Mortgage Rate -0.088382 -0.158908  0.074860 -0.128766  0.993967  0.230023   \n",
       "Year Built        -0.004661 -0.057814  0.106693 -0.004555 -0.052757  0.022689   \n",
       "Occupancy         -0.097906 -0.055856  0.035194 -0.082617  0.016078  0.063613   \n",
       "ZipPop            -0.099355 -0.027073 -0.018046 -0.078491 -0.027228 -0.007794   \n",
       "CR                -0.039261  0.062389 -0.037836 -0.181428  0.356323  0.264194   \n",
       "CS                -0.031610  0.099111 -0.072655 -0.172316  0.143955  0.228534   \n",
       "CS Ratio          -0.013732  0.028159  0.022562 -0.058362  0.030534 -0.025352   \n",
       "NOI Ratio         -0.028327 -0.132254  0.125718 -0.035737  0.775484  0.133246   \n",
       "PV Ratio           0.941002  0.142474 -0.018622  0.842617 -0.087840 -0.085985   \n",
       "IR                 0.938568  0.162486 -0.033788  0.872621 -0.111365 -0.085975   \n",
       "Renovation        -0.025669  0.022581 -0.051427 -0.037524 -0.041804 -0.002223   \n",
       "Loss              -0.033794 -0.094803  0.185997 -0.016545  0.045590 -0.020853   \n",
       "\n",
       "                   Net Mortgage Rate  Year Built  Occupancy    ZipPop  \\\n",
       "NOI                        -0.088382   -0.004661  -0.097906 -0.099355   \n",
       "DSCR                       -0.158908   -0.057814  -0.055856 -0.027073   \n",
       "LTV                         0.074860    0.106693   0.035194 -0.018046   \n",
       "Balance                    -0.128766   -0.004555  -0.082617 -0.078491   \n",
       "Rate                        0.993967   -0.052757   0.016078 -0.027228   \n",
       "Fee                         0.230023    0.022689   0.063613 -0.007794   \n",
       "Net Mortgage Rate           1.000000   -0.050146   0.014589 -0.025839   \n",
       "Year Built                 -0.050146    1.000000  -0.033207  0.086123   \n",
       "Occupancy                   0.014589   -0.033207   1.000000  0.071285   \n",
       "ZipPop                     -0.025839    0.086123   0.071285  1.000000   \n",
       "CR                          0.347239   -0.028604  -0.074684 -0.088917   \n",
       "CS                          0.135462   -0.018969  -0.095288 -0.087453   \n",
       "CS Ratio                    0.030513    0.033025  -0.083508  0.005195   \n",
       "NOI Ratio                   0.773203   -0.035368   0.073618 -0.006626   \n",
       "PV Ratio                   -0.084010   -0.000924  -0.163542 -0.097969   \n",
       "IR                         -0.107677   -0.009677  -0.102381 -0.088293   \n",
       "Renovation                 -0.040708   -0.287432   0.072179  0.047940   \n",
       "Loss                        0.047168    0.010995  -0.045576 -0.020596   \n",
       "\n",
       "                         CR        CS  CS Ratio  NOI Ratio  PV Ratio  \\\n",
       "NOI               -0.039261 -0.031610 -0.013732  -0.028327  0.941002   \n",
       "DSCR               0.062389  0.099111  0.028159  -0.132254  0.142474   \n",
       "LTV               -0.037836 -0.072655  0.022562   0.125718 -0.018622   \n",
       "Balance           -0.181428 -0.172316 -0.058362  -0.035737  0.842617   \n",
       "Rate               0.356323  0.143955  0.030534   0.775484 -0.087840   \n",
       "Fee                0.264194  0.228534 -0.025352   0.133246 -0.085985   \n",
       "Net Mortgage Rate  0.347239  0.135462  0.030513   0.773203 -0.084010   \n",
       "Year Built        -0.028604 -0.018969  0.033025  -0.035368 -0.000924   \n",
       "Occupancy         -0.074684 -0.095288 -0.083508   0.073618 -0.163542   \n",
       "ZipPop            -0.088917 -0.087453  0.005195  -0.006626 -0.097969   \n",
       "CR                 1.000000  0.962149  0.286695   0.152099 -0.000892   \n",
       "CS                 0.962149  1.000000  0.282202  -0.123010  0.009025   \n",
       "CS Ratio           0.286695  0.282202  1.000000   0.020543  0.019085   \n",
       "NOI Ratio          0.152099 -0.123010  0.020543   1.000000 -0.035979   \n",
       "PV Ratio          -0.000892  0.009025  0.019085  -0.035979  1.000000   \n",
       "IR                -0.130886 -0.119246 -0.040094  -0.044155  0.946807   \n",
       "Renovation         0.030717  0.041770  0.025248  -0.039629 -0.031386   \n",
       "Loss               0.014636  0.003225 -0.094276   0.041599 -0.045671   \n",
       "\n",
       "                         IR  Renovation      Loss  \n",
       "NOI                0.938568   -0.025669 -0.033794  \n",
       "DSCR               0.162486    0.022581 -0.094803  \n",
       "LTV               -0.033788   -0.051427  0.185997  \n",
       "Balance            0.872621   -0.037524 -0.016545  \n",
       "Rate              -0.111365   -0.041804  0.045590  \n",
       "Fee               -0.085975   -0.002223 -0.020853  \n",
       "Net Mortgage Rate -0.107677   -0.040708  0.047168  \n",
       "Year Built        -0.009677   -0.287432  0.010995  \n",
       "Occupancy         -0.102381    0.072179 -0.045576  \n",
       "ZipPop            -0.088293    0.047940 -0.020596  \n",
       "CR                -0.130886    0.030717  0.014636  \n",
       "CS                -0.119246    0.041770  0.003225  \n",
       "CS Ratio          -0.040094    0.025248 -0.094276  \n",
       "NOI Ratio         -0.044155   -0.039629  0.041599  \n",
       "PV Ratio           0.946807   -0.031386 -0.045671  \n",
       "IR                 1.000000   -0.028525 -0.058062  \n",
       "Renovation        -0.028525    1.000000 -0.045033  \n",
       "Loss              -0.058062   -0.045033  1.000000  "
      ]
     },
     "execution_count": 93,
     "metadata": {},
     "output_type": "execute_result"
    }
   ],
   "source": [
    "data_clean = pd.concat([df6,df7], ignore_index = True)\n",
    "data_clean.corr()"
   ]
  },
  {
   "cell_type": "code",
   "execution_count": 94,
   "metadata": {},
   "outputs": [
    {
     "data": {
      "text/plain": [
       "<AxesSubplot:>"
      ]
     },
     "execution_count": 94,
     "metadata": {},
     "output_type": "execute_result"
    },
    {
     "data": {
