{
 "cells": [
  {
   "cell_type": "code",
   "execution_count": 1,
   "metadata": {},
   "outputs": [],
   "source": [
    "import os\n",
    "import pandas as pd\n",
    "import numpy as np\n",
    "from sklearn import preprocessing,metrics \n",
    "from IPython.core.display import HTML\n",
    "pd.set_option(\"display.max_columns\",75)\n",
    "import warnings\n",
    "import math\n",
    "warnings.filterwarnings('ignore')\n",
    "from sklearn.model_selection import train_test_split\n",
    "from sklearn.ensemble import RandomForestClassifier\n",
    "from sklearn.neighbors import KNeighborsClassifier\n",
    "from sklearn.metrics import accuracy_score\n",
    "import matplotlib.pyplot as plt\n",
    "import seaborn as sns\n",
    "%matplotlib inline\n",
    "from sklearn import linear_model,svm\n",
    "from sklearn.metrics import average_precision_score\n",
    "from sklearn.metrics import precision_recall_curve\n",
    "import scipy.io\n",
    "from sklearn.utils import resample\n"
   ]
  },
  {
   "cell_type": "code",
   "execution_count": 2,
   "metadata": {},
   "outputs": [
    {
     "data": {
      "text/html": [
       "<div>\n",
       "<style scoped>\n",
       "    .dataframe tbody tr th:only-of-type {\n",
       "        vertical-align: middle;\n",
       "    }\n",
       "\n",
       "    .dataframe tbody tr th {\n",
       "        vertical-align: top;\n",
       "    }\n",
       "\n",
       "    .dataframe thead th {\n",
       "        text-align: right;\n",
       "    }\n",
       "</style>\n",
       "<table border=\"1\" class=\"dataframe\">\n",
       "  <thead>\n",
       "    <tr style=\"text-align: right;\">\n",
       "      <th></th>\n",
       "      <th>NOI</th>\n",
       "      <th>DSCR</th>\n",
       "      <th>LTV</th>\n",
       "      <th>Balance</th>\n",
       "      <th>Rate</th>\n",
       "      <th>Fee</th>\n",
       "      <th>Net Mortgage Rate</th>\n",
       "      <th>Year Built</th>\n",
       "      <th>Occupancy</th>\n",
       "      <th>ZipPop</th>\n",
       "      <th>CR</th>\n",
       "      <th>CS</th>\n",
       "      <th>CS Ratio</th>\n",
       "      <th>NOI Ratio</th>\n",
       "      <th>PV Ratio</th>\n",
       "      <th>IR</th>\n",
       "      <th>Renovation</th>\n",
       "      <th>Loss</th>\n",
       "    </tr>\n",
       "  </thead>\n",
       "  <tbody>\n",
       "    <tr>\n",
       "      <th>0</th>\n",
       "      <td>697399.0</td>\n",
       "      <td>1.35</td>\n",
       "      <td>69.4</td>\n",
       "      <td>7250000.0</td>\n",
       "      <td>5.25</td>\n",
       "      <td>0.0312</td>\n",
       "      <td>5.2188</td>\n",
       "      <td>1998.0</td>\n",
       "      <td>100.0</td>\n",
       "      <td>22919.0</td>\n",
       "      <td>7.663725</td>\n",
       "      <td>351.880464</td>\n",
       "      <td>1.136903</td>\n",
       "      <td>4.144921</td>\n",
       "      <td>0.143158</td>\n",
       "      <td>0.127688</td>\n",
       "      <td>5.0</td>\n",
       "      <td>1</td>\n",
       "    </tr>\n",
       "    <tr>\n",
       "      <th>1</th>\n",
       "      <td>1088638.0</td>\n",
       "      <td>1.36</td>\n",
       "      <td>61.3</td>\n",
       "      <td>9100000.0</td>\n",
       "      <td>5.52</td>\n",
       "      <td>0.0312</td>\n",
       "      <td>5.4888</td>\n",
       "      <td>1984.0</td>\n",
       "      <td>95.4</td>\n",
       "      <td>23129.0</td>\n",
       "      <td>8.779339</td>\n",
       "      <td>463.441807</td>\n",
       "      <td>1.502204</td>\n",
       "      <td>4.144921</td>\n",
       "      <td>0.310453</td>\n",
       "      <td>0.242793</td>\n",
       "      <td>21.0</td>\n",
       "      <td>1</td>\n",
       "    </tr>\n",
       "    <tr>\n",
       "      <th>2</th>\n",
       "      <td>618081.0</td>\n",
       "      <td>1.31</td>\n",
       "      <td>66.0</td>\n",
       "      <td>6650000.0</td>\n",
       "      <td>5.45</td>\n",
       "      <td>0.0312</td>\n",
       "      <td>5.4188</td>\n",
       "      <td>2001.0</td>\n",
       "      <td>87.2</td>\n",
       "      <td>32504.0</td>\n",
       "      <td>7.358107</td>\n",
       "      <td>293.888839</td>\n",
       "      <td>1.076208</td>\n",
       "      <td>4.419219</td>\n",
       "      <td>0.110992</td>\n",
       "      <td>0.101224</td>\n",
       "      <td>2.0</td>\n",
       "      <td>1</td>\n",
       "    </tr>\n",
       "    <tr>\n",
       "      <th>3</th>\n",
       "      <td>260695.0</td>\n",
       "      <td>1.55</td>\n",
       "      <td>64.2</td>\n",
       "      <td>2600000.0</td>\n",
       "      <td>5.21</td>\n",
       "      <td>0.1112</td>\n",
       "      <td>5.0988</td>\n",
       "      <td>1965.0</td>\n",
       "      <td>100.0</td>\n",
       "      <td>32376.0</td>\n",
       "      <td>7.781940</td>\n",
       "      <td>353.971808</td>\n",
       "      <td>3.315033</td>\n",
       "      <td>4.242222</td>\n",
       "      <td>0.117658</td>\n",
       "      <td>0.080235</td>\n",
       "      <td>40.0</td>\n",
       "      <td>1</td>\n",
       "    </tr>\n",
       "    <tr>\n",
       "      <th>4</th>\n",
       "      <td>607133.0</td>\n",
       "      <td>1.26</td>\n",
       "      <td>65.8</td>\n",
       "      <td>6500000.0</td>\n",
       "      <td>5.29</td>\n",
       "      <td>0.0312</td>\n",
       "      <td>5.2588</td>\n",
       "      <td>1970.0</td>\n",
       "      <td>100.0</td>\n",
       "      <td>12942.0</td>\n",
       "      <td>7.404061</td>\n",
       "      <td>316.183875</td>\n",
       "      <td>2.961139</td>\n",
       "      <td>4.242222</td>\n",
       "      <td>0.274014</td>\n",
       "      <td>0.196397</td>\n",
       "      <td>4.0</td>\n",
       "      <td>1</td>\n",
       "    </tr>\n",
       "  </tbody>\n",
       "</table>\n",
       "</div>"
      ],
      "text/plain": [
       "         NOI  DSCR   LTV    Balance  Rate     Fee  Net Mortgage Rate  \\\n",
       "0   697399.0  1.35  69.4  7250000.0  5.25  0.0312             5.2188   \n",
       "1  1088638.0  1.36  61.3  9100000.0  5.52  0.0312             5.4888   \n",
       "2   618081.0  1.31  66.0  6650000.0  5.45  0.0312             5.4188   \n",
       "3   260695.0  1.55  64.2  2600000.0  5.21  0.1112             5.0988   \n",
       "4   607133.0  1.26  65.8  6500000.0  5.29  0.0312             5.2588   \n",
       "\n",
       "   Year Built  Occupancy   ZipPop        CR          CS  CS Ratio  NOI Ratio  \\\n",
       "0      1998.0      100.0  22919.0  7.663725  351.880464  1.136903   4.144921   \n",
       "1      1984.0       95.4  23129.0  8.779339  463.441807  1.502204   4.144921   \n",
       "2      2001.0       87.2  32504.0  7.358107  293.888839  1.076208   4.419219   \n",
       "3      1965.0      100.0  32376.0  7.781940  353.971808  3.315033   4.242222   \n",
       "4      1970.0      100.0  12942.0  7.404061  316.183875  2.961139   4.242222   \n",
       "\n",
       "   PV Ratio        IR  Renovation  Loss  \n",
       "0  0.143158  0.127688         5.0     1  \n",
       "1  0.310453  0.242793        21.0     1  \n",
       "2  0.110992  0.101224         2.0     1  \n",
       "3  0.117658  0.080235        40.0     1  \n",
       "4  0.274014  0.196397         4.0     1  "
      ]
     },
     "execution_count": 2,
     "metadata": {},
     "output_type": "execute_result"
    }
   ],
   "source": [
    "mat_file= scipy.io.loadmat('LOSS.mat')\n",
    "mat_file_pay = scipy.io.loadmat('PAY.mat')\n",
    "\n",
    "np_array = np.array(mat_file['LOSS'])\n",
    "df6 = pd.DataFrame(np_array)\n",
    "df6.columns = ['NOI','DSCR','LTV','Balance','Rate','Fee','Net Mortgage Rate','Year Built','Occupancy','ZipPop','CR','CS','CS Ratio','NOI Ratio','PV Ratio','IR','Renovation']\n",
    "df6.insert(len(df6.columns),'Loss', 1)\n",
    "df6.head()"
   ]
  },
  {
   "cell_type": "code",
   "execution_count": 3,
   "metadata": {},
   "outputs": [],
   "source": [
    "df7 = pd.DataFrame(np.array(mat_file_pay['PAY']))\n",
    "df7.columns = ['NOI','DSCR','LTV','Balance','Rate','Fee','Net Mortgage Rate','Year Built','Occupancy','ZipPop','CR','CS','CS Ratio','NOI Ratio','PV Ratio','IR','Renovation']\n",
    "df7.insert(len(df7.columns),'Loss', 0)\n",
    "df7.head()\n",
    "\n",
    "df7_downsampled = resample(df7, replace=False, n_samples=df6.shape[0], random_state=123)"
   ]
  },
  {
   "cell_type": "code",
   "execution_count": 4,
   "metadata": {},
   "outputs": [
    {
     "name": "stdout",
     "output_type": "stream",
     "text": [
      "            NOI    DSCR      LTV     Balance  Rate     Fee  Net Mortgage Rate  \\\n",
      "0      697399.0  1.3500  69.4000  7250000.00  5.25  0.0312             5.2188   \n",
      "1     1088638.0  1.3600  61.3000  9100000.00  5.52  0.0312             5.4888   \n",
      "2      618081.0  1.3100  66.0000  6650000.00  5.45  0.0312             5.4188   \n",
      "3      260695.0  1.5500  64.2000  2600000.00  5.21  0.1112             5.0988   \n",
      "4      607133.0  1.2600  65.8000  6500000.00  5.29  0.0312             5.2588   \n",
      "...         ...     ...      ...         ...   ...     ...                ...   \n",
      "4788   156294.0  1.4442  54.1815  1029447.80  7.40  0.0624             7.3376   \n",
      "4789   172837.0  1.3260  61.6591  1257845.64  7.40  0.0624             7.3376   \n",
      "4790   104557.0  1.2949  67.2535   823855.65  7.50  0.0624             7.4376   \n",
      "4791   737888.0  1.3268  73.3318  5679548.69  8.28  0.0624             8.2176   \n",
      "4792   482735.0  1.2779  72.5958  3629791.06  8.35  0.0624             8.2876   \n",
      "\n",
      "      Year Built  Occupancy   ZipPop        CR          CS  CS Ratio  \\\n",
      "0         1998.0      100.0  22919.0  7.663725  351.880464  1.136903   \n",
      "1         1984.0       95.4  23129.0  8.779339  463.441807  1.502204   \n",
      "2         2001.0       87.2  32504.0  7.358107  293.888839  1.076208   \n",
      "3         1965.0      100.0  32376.0  7.781940  353.971808  3.315033   \n",
      "4         1970.0      100.0  12942.0  7.404061  316.183875  2.961139   \n",
      "...          ...        ...      ...       ...         ...       ...   \n",
      "4788      1998.0      100.0  31034.0  8.226000  172.282540  0.932858   \n",
      "4789      1987.0      100.0   6765.0  8.472402  228.443321  0.734065   \n",
      "4790      1996.0      100.0  33297.0  8.535265  261.089031  0.797066   \n",
      "4791      1971.0      100.0  57521.0  9.527282  302.410751  1.125532   \n",
      "4792      1976.0      100.0  14366.0  9.654700  357.247778  1.364699   \n",
      "\n",
      "      NOI Ratio  PV Ratio        IR  Renovation  Loss  \n",
      "0      4.144921  0.143158  0.127688         5.0     1  \n",
      "1      4.144921  0.310453  0.242793        21.0     1  \n",
      "2      4.419219  0.110992  0.101224         2.0     1  \n",
      "3      4.242222  0.117658  0.080235        40.0     1  \n",
      "4      4.242222  0.274014  0.196397         4.0     1  \n",
      "...         ...       ...       ...         ...   ...  \n",
      "4788   6.503175  0.045500  0.041596         2.0     0  \n",
      "4789   6.187969  0.060435  0.059577        10.0     0  \n",
      "4790   5.924375  0.027389  0.024308         3.0     0  \n",
      "4791   6.503175  0.557808  0.509199         2.0     0  \n",
      "4792   6.082222  0.100925  0.081205         2.0     0  \n",
      "\n",
      "[4793 rows x 18 columns]\n"
     ]
    }
   ],
   "source": [
    "data_clean = pd.concat([df6,df7], ignore_index = True)\n",
    "print(data_clean)"
   ]
  },
  {
   "cell_type": "code",
   "execution_count": 6,
   "metadata": {},
   "outputs": [
    {
     "data": {
      "text/html": [
       "<div>\n",
       "<style scoped>\n",
       "    .dataframe tbody tr th:only-of-type {\n",
       "        vertical-align: middle;\n",
       "    }\n",
       "\n",
       "    .dataframe tbody tr th {\n",
       "        vertical-align: top;\n",
       "    }\n",
       "\n",
       "    .dataframe thead th {\n",
       "        text-align: right;\n",
       "    }\n",
       "</style>\n",
       "<table border=\"1\" class=\"dataframe\">\n",
       "  <thead>\n",
       "    <tr style=\"text-align: right;\">\n",
       "      <th></th>\n",
       "      <th>NOI</th>\n",
       "      <th>DSCR</th>\n",
       "      <th>LTV</th>\n",
       "      <th>Balance</th>\n",
       "      <th>Rate</th>\n",
       "      <th>Fee</th>\n",
       "      <th>Net Mortgage Rate</th>\n",
       "      <th>Year Built</th>\n",
       "      <th>Occupancy</th>\n",
       "      <th>ZipPop</th>\n",
       "      <th>CR</th>\n",
       "      <th>CS</th>\n",
       "      <th>CS Ratio</th>\n",
       "      <th>NOI Ratio</th>\n",
       "      <th>PV Ratio</th>\n",
       "      <th>IR</th>\n",
       "      <th>Renovation</th>\n",
       "      <th>Loss</th>\n",
       "    </tr>\n",
       "  </thead>\n",
       "  <tbody>\n",
       "    <tr>\n",
       "      <th>0</th>\n",
       "      <td>0.020436</td>\n",
       "      <td>0.016397</td>\n",
       "      <td>0.815897</td>\n",
       "      <td>0.024381</td>\n",
       "      <td>0.229508</td>\n",
       "      <td>0.104874</td>\n",
       "      <td>0.555316</td>\n",
       "      <td>0.953368</td>\n",
       "      <td>1.000000</td>\n",
       "      <td>0.204197</td>\n",
       "      <td>0.525632</td>\n",
       "      <td>0.573800</td>\n",
       "      <td>0.571973</td>\n",
       "      <td>0.262580</td>\n",
       "      <td>0.015077</td>\n",
       "      <td>0.013145</td>\n",
       "      <td>0.047619</td>\n",
       "      <td>1.0</td>\n",
       "    </tr>\n",
       "    <tr>\n",
       "      <th>1</th>\n",
       "      <td>0.032584</td>\n",
       "      <td>0.016861</td>\n",
       "      <td>0.720670</td>\n",
       "      <td>0.030998</td>\n",
       "      <td>0.278689</td>\n",
       "      <td>0.104874</td>\n",
       "      <td>0.584045</td>\n",
       "      <td>0.880829</td>\n",
       "      <td>0.953535</td>\n",
       "      <td>0.206093</td>\n",
       "      <td>0.614106</td>\n",
       "      <td>0.661633</td>\n",
       "      <td>0.578654</td>\n",
       "      <td>0.262580</td>\n",
       "      <td>0.034106</td>\n",
       "      <td>0.026155</td>\n",
       "      <td>0.200000</td>\n",
       "      <td>1.0</td>\n",
       "    </tr>\n",
       "    <tr>\n",
       "      <th>2</th>\n",
       "      <td>0.017973</td>\n",
       "      <td>0.014541</td>\n",
       "      <td>0.775925</td>\n",
       "      <td>0.022234</td>\n",
       "      <td>0.265938</td>\n",
       "      <td>0.104874</td>\n",
       "      <td>0.576597</td>\n",
       "      <td>0.968912</td>\n",
       "      <td>0.870707</td>\n",
       "      <td>0.290712</td>\n",
       "      <td>0.501395</td>\n",
       "      <td>0.528142</td>\n",
       "      <td>0.570863</td>\n",
       "      <td>0.309777</td>\n",
       "      <td>0.011418</td>\n",
       "      <td>0.010153</td>\n",
       "      <td>0.019048</td>\n",
       "      <td>1.0</td>\n",
       "    </tr>\n",
       "    <tr>\n",
       "      <th>3</th>\n",
       "      <td>0.006876</td>\n",
       "      <td>0.025677</td>\n",
       "      <td>0.754764</td>\n",
       "      <td>0.007748</td>\n",
       "      <td>0.222222</td>\n",
       "      <td>0.373782</td>\n",
       "      <td>0.542547</td>\n",
       "      <td>0.782383</td>\n",
       "      <td>1.000000</td>\n",
       "      <td>0.289557</td>\n",
       "      <td>0.535007</td>\n",
       "      <td>0.575446</td>\n",
       "      <td>0.611808</td>\n",
       "      <td>0.279322</td>\n",
       "      <td>0.012176</td>\n",
       "      <td>0.007781</td>\n",
       "      <td>0.380952</td>\n",
       "      <td>1.0</td>\n",
       "    </tr>\n",
       "    <tr>\n",
       "      <th>4</th>\n",
       "      <td>0.017633</td>\n",
       "      <td>0.012221</td>\n",
       "      <td>0.773574</td>\n",
       "      <td>0.021698</td>\n",
       "      <td>0.236794</td>\n",
       "      <td>0.104874</td>\n",
       "      <td>0.559572</td>\n",
       "      <td>0.808290</td>\n",
       "      <td>1.000000</td>\n",
       "      <td>0.114144</td>\n",
       "      <td>0.505039</td>\n",
       "      <td>0.545695</td>\n",
       "      <td>0.605336</td>\n",
       "      <td>0.279322</td>\n",
       "      <td>0.029961</td>\n",
       "      <td>0.020911</td>\n",
       "      <td>0.038095</td>\n",
       "      <td>1.0</td>\n",
       "    </tr>\n",
       "  </tbody>\n",
       "</table>\n",
       "</div>"
      ],
      "text/plain": [
       "        NOI      DSCR       LTV   Balance      Rate       Fee  \\\n",
       "0  0.020436  0.016397  0.815897  0.024381  0.229508  0.104874   \n",
       "1  0.032584  0.016861  0.720670  0.030998  0.278689  0.104874   \n",
       "2  0.017973  0.014541  0.775925  0.022234  0.265938  0.104874   \n",
       "3  0.006876  0.025677  0.754764  0.007748  0.222222  0.373782   \n",
       "4  0.017633  0.012221  0.773574  0.021698  0.236794  0.104874   \n",
       "\n",
       "   Net Mortgage Rate  Year Built  Occupancy    ZipPop        CR        CS  \\\n",
       "0           0.555316    0.953368   1.000000  0.204197  0.525632  0.573800   \n",
       "1           0.584045    0.880829   0.953535  0.206093  0.614106  0.661633   \n",
       "2           0.576597    0.968912   0.870707  0.290712  0.501395  0.528142   \n",
       "3           0.542547    0.782383   1.000000  0.289557  0.535007  0.575446   \n",
       "4           0.559572    0.808290   1.000000  0.114144  0.505039  0.545695   \n",
       "\n",
       "   CS Ratio  NOI Ratio  PV Ratio        IR  Renovation  Loss  \n",
       "0  0.571973   0.262580  0.015077  0.013145    0.047619   1.0  \n",
       "1  0.578654   0.262580  0.034106  0.026155    0.200000   1.0  \n",
       "2  0.570863   0.309777  0.011418  0.010153    0.019048   1.0  \n",
       "3  0.611808   0.279322  0.012176  0.007781    0.380952   1.0  \n",
       "4  0.605336   0.279322  0.029961  0.020911    0.038095   1.0  "
      ]
     },
     "execution_count": 6,
     "metadata": {},
     "output_type": "execute_result"
    }
   ],
   "source": [
    "def normalize(df):\n",
    "    result = df.copy()\n",
    "    for feature_name in df.columns:\n",
    "        max_value = df[feature_name].max()\n",
    "        min_value = df[feature_name].min()\n",
    "        result[feature_name] = (df[feature_name] - min_value) / (max_value - min_value)\n",
    "    return result\n",
    "dataclean = pd.DataFrame(normalize(data_clean))\n",
    "dataclean.head()"
   ]
  },
  {
   "cell_type": "code",
   "execution_count": 8,
   "metadata": {},
   "outputs": [
    {
     "data": {
      "text/html": [
       "<div>\n",
       "<style scoped>\n",
       "    .dataframe tbody tr th:only-of-type {\n",
       "        vertical-align: middle;\n",
       "    }\n",
       "\n",
       "    .dataframe tbody tr th {\n",
       "        vertical-align: top;\n",
       "    }\n",
       "\n",
       "    .dataframe thead th {\n",
       "        text-align: right;\n",
       "    }\n",
       "</style>\n",
       "<table border=\"1\" class=\"dataframe\">\n",
       "  <thead>\n",
       "    <tr style=\"text-align: right;\">\n",
       "      <th></th>\n",
       "      <th>NOI</th>\n",
       "      <th>DSCR</th>\n",
       "      <th>LTV</th>\n",
       "      <th>Balance</th>\n",
       "      <th>Rate</th>\n",
       "      <th>Fee</th>\n",
       "      <th>Net Mortgage Rate</th>\n",
       "      <th>Year Built</th>\n",
       "      <th>Occupancy</th>\n",
       "      <th>ZipPop</th>\n",
       "      <th>CR</th>\n",
       "      <th>CS</th>\n",
       "      <th>CS Ratio</th>\n",
       "      <th>NOI Ratio</th>\n",
       "      <th>PV Ratio</th>\n",
       "      <th>IR</th>\n",
       "      <th>Renovation</th>\n",
       "      <th>Loss</th>\n",
       "    </tr>\n",
       "  </thead>\n",
       "  <tbody>\n",
       "    <tr>\n",
       "      <th>NOI</th>\n",
       "      <td>1.000000</td>\n",
       "      <td>0.122950</td>\n",
       "      <td>-0.015557</td>\n",
       "      <td>0.904979</td>\n",
       "      <td>-0.092564</td>\n",
       "      <td>-0.099187</td>\n",
       "      <td>-0.088382</td>\n",
       "      <td>-0.004661</td>\n",
       "      <td>-0.097906</td>\n",
       "      <td>-0.099355</td>\n",
       "      <td>-0.039261</td>\n",
       "      <td>-0.031610</td>\n",
       "      <td>-0.013732</td>\n",
       "      <td>-0.028327</td>\n",
       "      <td>0.941002</td>\n",
       "      <td>0.938568</td>\n",
       "      <td>-0.025669</td>\n",
       "      <td>-0.033794</td>\n",
       "    </tr>\n",
       "    <tr>\n",
       "      <th>DSCR</th>\n",
       "      <td>0.122950</td>\n",
       "      <td>1.000000</td>\n",
       "      <td>-0.400696</td>\n",
       "      <td>0.038571</td>\n",
       "      <td>-0.158859</td>\n",
       "      <td>-0.006513</td>\n",
       "      <td>-0.158908</td>\n",
       "      <td>-0.057814</td>\n",
       "      <td>-0.055856</td>\n",
       "      <td>-0.027073</td>\n",
       "      <td>0.062389</td>\n",
       "      <td>0.099111</td>\n",
       "      <td>0.028159</td>\n",
       "      <td>-0.132254</td>\n",
       "      <td>0.142474</td>\n",
       "      <td>0.162486</td>\n",
       "      <td>0.022581</td>\n",
       "      <td>-0.094803</td>\n",
       "    </tr>\n",
       "    <tr>\n",
       "      <th>LTV</th>\n",
       "      <td>-0.015557</td>\n",
       "      <td>-0.400696</td>\n",
       "      <td>1.000000</td>\n",
       "      <td>0.088660</td>\n",
       "      <td>0.072736</td>\n",
       "      <td>0.007184</td>\n",
       "      <td>0.074860</td>\n",
       "      <td>0.106693</td>\n",
       "      <td>0.035194</td>\n",
       "      <td>-0.018046</td>\n",
       "      <td>-0.037836</td>\n",
       "      <td>-0.072655</td>\n",
       "      <td>0.022562</td>\n",
       "      <td>0.125718</td>\n",
       "      <td>-0.018622</td>\n",
       "      <td>-0.033788</td>\n",
       "      <td>-0.051427</td>\n",
       "      <td>0.185997</td>\n",
       "    </tr>\n",
       "    <tr>\n",
       "      <th>Balance</th>\n",
       "      <td>0.904979</td>\n",
       "      <td>0.038571</td>\n",
       "      <td>0.088660</td>\n",
       "      <td>1.000000</td>\n",
       "      <td>-0.134484</td>\n",
       "      <td>-0.141188</td>\n",
       "      <td>-0.128766</td>\n",
       "      <td>-0.004555</td>\n",
       "      <td>-0.082617</td>\n",
       "      <td>-0.078491</td>\n",
       "      <td>-0.181428</td>\n",
       "      <td>-0.172316</td>\n",
       "      <td>-0.058362</td>\n",
       "      <td>-0.035737</td>\n",
       "      <td>0.842617</td>\n",
       "      <td>0.872621</td>\n",
       "      <td>-0.037524</td>\n",
       "      <td>-0.016545</td>\n",
       "    </tr>\n",
       "    <tr>\n",
       "      <th>Rate</th>\n",
       "      <td>-0.092564</td>\n",
       "      <td>-0.158859</td>\n",
       "      <td>0.072736</td>\n",
       "      <td>-0.134484</td>\n",
       "      <td>1.000000</td>\n",
       "      <td>0.265024</td>\n",
       "      <td>0.993967</td>\n",
       "      <td>-0.052757</td>\n",
       "      <td>0.016078</td>\n",
       "      <td>-0.027228</td>\n",
       "      <td>0.356323</td>\n",
       "      <td>0.143955</td>\n",
       "      <td>0.030534</td>\n",
       "      <td>0.775484</td>\n",
       "      <td>-0.087840</td>\n",
       "      <td>-0.111365</td>\n",
       "      <td>-0.041804</td>\n",
       "      <td>0.045590</td>\n",
       "    </tr>\n",
       "    <tr>\n",
       "      <th>Fee</th>\n",
       "      <td>-0.099187</td>\n",
       "      <td>-0.006513</td>\n",
       "      <td>0.007184</td>\n",
       "      <td>-0.141188</td>\n",
       "      <td>0.265024</td>\n",
       "      <td>1.000000</td>\n",
       "      <td>0.230023</td>\n",
       "      <td>0.022689</td>\n",
       "      <td>0.063613</td>\n",
       "      <td>-0.007794</td>\n",
       "      <td>0.264194</td>\n",
       "      <td>0.228534</td>\n",
       "      <td>-0.025352</td>\n",
       "      <td>0.133246</td>\n",
       "      <td>-0.085985</td>\n",
       "      <td>-0.085975</td>\n",
       "      <td>-0.002223</td>\n",
       "      <td>-0.020853</td>\n",
       "    </tr>\n",
       "    <tr>\n",
       "      <th>Net Mortgage Rate</th>\n",
       "      <td>-0.088382</td>\n",
       "      <td>-0.158908</td>\n",
       "      <td>0.074860</td>\n",
       "      <td>-0.128766</td>\n",
       "      <td>0.993967</td>\n",
       "      <td>0.230023</td>\n",
       "      <td>1.000000</td>\n",
       "      <td>-0.050146</td>\n",
       "      <td>0.014589</td>\n",
       "      <td>-0.025839</td>\n",
       "      <td>0.347239</td>\n",
       "      <td>0.135462</td>\n",
       "      <td>0.030513</td>\n",
       "      <td>0.773203</td>\n",
       "      <td>-0.084010</td>\n",
       "      <td>-0.107677</td>\n",
       "      <td>-0.040708</td>\n",
       "      <td>0.047168</td>\n",
       "    </tr>\n",
       "    <tr>\n",
       "      <th>Year Built</th>\n",
       "      <td>-0.004661</td>\n",
       "      <td>-0.057814</td>\n",
       "      <td>0.106693</td>\n",
       "      <td>-0.004555</td>\n",
       "      <td>-0.052757</td>\n",
       "      <td>0.022689</td>\n",
       "      <td>-0.050146</td>\n",
       "      <td>1.000000</td>\n",
       "      <td>-0.033207</td>\n",
       "      <td>0.086123</td>\n",
       "      <td>-0.028604</td>\n",
       "      <td>-0.018969</td>\n",
       "      <td>0.033025</td>\n",
       "      <td>-0.035368</td>\n",
       "      <td>-0.000924</td>\n",
       "      <td>-0.009677</td>\n",
       "      <td>-0.287432</td>\n",
       "      <td>0.010995</td>\n",
       "    </tr>\n",
       "    <tr>\n",
       "      <th>Occupancy</th>\n",
       "      <td>-0.097906</td>\n",
       "      <td>-0.055856</td>\n",
       "      <td>0.035194</td>\n",
       "      <td>-0.082617</td>\n",
       "      <td>0.016078</td>\n",
       "      <td>0.063613</td>\n",
       "      <td>0.014589</td>\n",
       "      <td>-0.033207</td>\n",
       "      <td>1.000000</td>\n",
       "      <td>0.071285</td>\n",
       "      <td>-0.074684</td>\n",
       "      <td>-0.095288</td>\n",
       "      <td>-0.083508</td>\n",
       "      <td>0.073618</td>\n",
       "      <td>-0.163542</td>\n",
       "      <td>-0.102381</td>\n",
       "      <td>0.072179</td>\n",
       "      <td>-0.045576</td>\n",
       "    </tr>\n",
       "    <tr>\n",
       "      <th>ZipPop</th>\n",
       "      <td>-0.099355</td>\n",
       "      <td>-0.027073</td>\n",
       "      <td>-0.018046</td>\n",
       "      <td>-0.078491</td>\n",
       "      <td>-0.027228</td>\n",
       "      <td>-0.007794</td>\n",
       "      <td>-0.025839</td>\n",
       "      <td>0.086123</td>\n",
       "      <td>0.071285</td>\n",
       "      <td>1.000000</td>\n",
       "      <td>-0.088917</td>\n",
       "      <td>-0.087453</td>\n",
       "      <td>0.005195</td>\n",
       "      <td>-0.006626</td>\n",
       "      <td>-0.097969</td>\n",
       "      <td>-0.088293</td>\n",
       "      <td>0.047940</td>\n",
       "      <td>-0.020596</td>\n",
       "    </tr>\n",
       "    <tr>\n",
       "      <th>CR</th>\n",
       "      <td>-0.039261</td>\n",
       "      <td>0.062389</td>\n",
       "      <td>-0.037836</td>\n",
       "      <td>-0.181428</td>\n",
       "      <td>0.356323</td>\n",
       "      <td>0.264194</td>\n",
       "      <td>0.347239</td>\n",
       "      <td>-0.028604</td>\n",
       "      <td>-0.074684</td>\n",
       "      <td>-0.088917</td>\n",
       "      <td>1.000000</td>\n",
       "      <td>0.962149</td>\n",
       "      <td>0.286695</td>\n",
       "      <td>0.152099</td>\n",
       "      <td>-0.000892</td>\n",
       "      <td>-0.130886</td>\n",
       "      <td>0.030717</td>\n",
       "      <td>0.014636</td>\n",
       "    </tr>\n",
       "    <tr>\n",
       "      <th>CS</th>\n",
       "      <td>-0.031610</td>\n",
       "      <td>0.099111</td>\n",
       "      <td>-0.072655</td>\n",
       "      <td>-0.172316</td>\n",
       "      <td>0.143955</td>\n",
       "      <td>0.228534</td>\n",
       "      <td>0.135462</td>\n",
       "      <td>-0.018969</td>\n",
       "      <td>-0.095288</td>\n",
       "      <td>-0.087453</td>\n",
       "      <td>0.962149</td>\n",
       "      <td>1.000000</td>\n",
       "      <td>0.282202</td>\n",
       "      <td>-0.123010</td>\n",
       "      <td>0.009025</td>\n",
       "      <td>-0.119246</td>\n",
       "      <td>0.041770</td>\n",
       "      <td>0.003225</td>\n",
       "    </tr>\n",
       "    <tr>\n",
       "      <th>CS Ratio</th>\n",
       "      <td>-0.013732</td>\n",
       "      <td>0.028159</td>\n",
       "      <td>0.022562</td>\n",
       "      <td>-0.058362</td>\n",
       "      <td>0.030534</td>\n",
       "      <td>-0.025352</td>\n",
       "      <td>0.030513</td>\n",
       "      <td>0.033025</td>\n",
       "      <td>-0.083508</td>\n",
       "      <td>0.005195</td>\n",
       "      <td>0.286695</td>\n",
       "      <td>0.282202</td>\n",
       "      <td>1.000000</td>\n",
       "      <td>0.020543</td>\n",
       "      <td>0.019085</td>\n",
       "      <td>-0.040094</td>\n",
       "      <td>0.025248</td>\n",
       "      <td>-0.094276</td>\n",
       "    </tr>\n",
       "    <tr>\n",
       "      <th>NOI Ratio</th>\n",
       "      <td>-0.028327</td>\n",
       "      <td>-0.132254</td>\n",
       "      <td>0.125718</td>\n",
       "      <td>-0.035737</td>\n",
       "      <td>0.775484</td>\n",
       "      <td>0.133246</td>\n",
       "      <td>0.773203</td>\n",
       "      <td>-0.035368</td>\n",
       "      <td>0.073618</td>\n",
       "      <td>-0.006626</td>\n",
       "      <td>0.152099</td>\n",
       "      <td>-0.123010</td>\n",
       "      <td>0.020543</td>\n",
       "      <td>1.000000</td>\n",
       "      <td>-0.035979</td>\n",
       "      <td>-0.044155</td>\n",
       "      <td>-0.039629</td>\n",
       "      <td>0.041599</td>\n",
       "    </tr>\n",
       "    <tr>\n",
       "      <th>PV Ratio</th>\n",
       "      <td>0.941002</td>\n",
       "      <td>0.142474</td>\n",
       "      <td>-0.018622</td>\n",
       "      <td>0.842617</td>\n",
       "      <td>-0.087840</td>\n",
       "      <td>-0.085985</td>\n",
       "      <td>-0.084010</td>\n",
       "      <td>-0.000924</td>\n",
       "      <td>-0.163542</td>\n",
       "      <td>-0.097969</td>\n",
       "      <td>-0.000892</td>\n",
       "      <td>0.009025</td>\n",
       "      <td>0.019085</td>\n",
       "      <td>-0.035979</td>\n",
       "      <td>1.000000</td>\n",
       "      <td>0.946807</td>\n",
       "      <td>-0.031386</td>\n",
       "      <td>-0.045671</td>\n",
       "    </tr>\n",
       "    <tr>\n",
       "      <th>IR</th>\n",
       "      <td>0.938568</td>\n",
       "      <td>0.162486</td>\n",
       "      <td>-0.033788</td>\n",
       "      <td>0.872621</td>\n",
       "      <td>-0.111365</td>\n",
       "      <td>-0.085975</td>\n",
       "      <td>-0.107677</td>\n",
       "      <td>-0.009677</td>\n",
       "      <td>-0.102381</td>\n",
       "      <td>-0.088293</td>\n",
       "      <td>-0.130886</td>\n",
       "      <td>-0.119246</td>\n",
       "      <td>-0.040094</td>\n",
       "      <td>-0.044155</td>\n",
       "      <td>0.946807</td>\n",
       "      <td>1.000000</td>\n",
       "      <td>-0.028525</td>\n",
       "      <td>-0.058062</td>\n",
       "    </tr>\n",
       "    <tr>\n",
       "      <th>Renovation</th>\n",
       "      <td>-0.025669</td>\n",
       "      <td>0.022581</td>\n",
       "      <td>-0.051427</td>\n",
       "      <td>-0.037524</td>\n",
       "      <td>-0.041804</td>\n",
       "      <td>-0.002223</td>\n",
       "      <td>-0.040708</td>\n",
       "      <td>-0.287432</td>\n",
       "      <td>0.072179</td>\n",
       "      <td>0.047940</td>\n",
       "      <td>0.030717</td>\n",
       "      <td>0.041770</td>\n",
       "      <td>0.025248</td>\n",
       "      <td>-0.039629</td>\n",
       "      <td>-0.031386</td>\n",
       "      <td>-0.028525</td>\n",
       "      <td>1.000000</td>\n",
       "      <td>-0.045033</td>\n",
       "    </tr>\n",
       "    <tr>\n",
       "      <th>Loss</th>\n",
       "      <td>-0.033794</td>\n",
       "      <td>-0.094803</td>\n",
       "      <td>0.185997</td>\n",
       "      <td>-0.016545</td>\n",
       "      <td>0.045590</td>\n",
       "      <td>-0.020853</td>\n",
       "      <td>0.047168</td>\n",
       "      <td>0.010995</td>\n",
       "      <td>-0.045576</td>\n",
       "      <td>-0.020596</td>\n",
       "      <td>0.014636</td>\n",
       "      <td>0.003225</td>\n",
       "      <td>-0.094276</td>\n",
       "      <td>0.041599</td>\n",
       "      <td>-0.045671</td>\n",
       "      <td>-0.058062</td>\n",
       "      <td>-0.045033</td>\n",
       "      <td>1.000000</td>\n",
       "    </tr>\n",
       "  </tbody>\n",
       "</table>\n",
       "</div>"
      ],
      "text/plain": [
       "                        NOI      DSCR       LTV   Balance      Rate       Fee  \\\n",
       "NOI                1.000000  0.122950 -0.015557  0.904979 -0.092564 -0.099187   \n",
       "DSCR               0.122950  1.000000 -0.400696  0.038571 -0.158859 -0.006513   \n",
       "LTV               -0.015557 -0.400696  1.000000  0.088660  0.072736  0.007184   \n",
       "Balance            0.904979  0.038571  0.088660  1.000000 -0.134484 -0.141188   \n",
       "Rate              -0.092564 -0.158859  0.072736 -0.134484  1.000000  0.265024   \n",
       "Fee               -0.099187 -0.006513  0.007184 -0.141188  0.265024  1.000000   \n",
       "Net Mortgage Rate -0.088382 -0.158908  0.074860 -0.128766  0.993967  0.230023   \n",
       "Year Built        -0.004661 -0.057814  0.106693 -0.004555 -0.052757  0.022689   \n",
       "Occupancy         -0.097906 -0.055856  0.035194 -0.082617  0.016078  0.063613   \n",
       "ZipPop            -0.099355 -0.027073 -0.018046 -0.078491 -0.027228 -0.007794   \n",
       "CR                -0.039261  0.062389 -0.037836 -0.181428  0.356323  0.264194   \n",
       "CS                -0.031610  0.099111 -0.072655 -0.172316  0.143955  0.228534   \n",
       "CS Ratio          -0.013732  0.028159  0.022562 -0.058362  0.030534 -0.025352   \n",
       "NOI Ratio         -0.028327 -0.132254  0.125718 -0.035737  0.775484  0.133246   \n",
       "PV Ratio           0.941002  0.142474 -0.018622  0.842617 -0.087840 -0.085985   \n",
       "IR                 0.938568  0.162486 -0.033788  0.872621 -0.111365 -0.085975   \n",
       "Renovation        -0.025669  0.022581 -0.051427 -0.037524 -0.041804 -0.002223   \n",
       "Loss              -0.033794 -0.094803  0.185997 -0.016545  0.045590 -0.020853   \n",
       "\n",
       "                   Net Mortgage Rate  Year Built  Occupancy    ZipPop  \\\n",
       "NOI                        -0.088382   -0.004661  -0.097906 -0.099355   \n",
       "DSCR                       -0.158908   -0.057814  -0.055856 -0.027073   \n",
       "LTV                         0.074860    0.106693   0.035194 -0.018046   \n",
       "Balance                    -0.128766   -0.004555  -0.082617 -0.078491   \n",
       "Rate                        0.993967   -0.052757   0.016078 -0.027228   \n",
       "Fee                         0.230023    0.022689   0.063613 -0.007794   \n",
       "Net Mortgage Rate           1.000000   -0.050146   0.014589 -0.025839   \n",
       "Year Built                 -0.050146    1.000000  -0.033207  0.086123   \n",
       "Occupancy                   0.014589   -0.033207   1.000000  0.071285   \n",
       "ZipPop                     -0.025839    0.086123   0.071285  1.000000   \n",
       "CR                          0.347239   -0.028604  -0.074684 -0.088917   \n",
       "CS                          0.135462   -0.018969  -0.095288 -0.087453   \n",
       "CS Ratio                    0.030513    0.033025  -0.083508  0.005195   \n",
       "NOI Ratio                   0.773203   -0.035368   0.073618 -0.006626   \n",
       "PV Ratio                   -0.084010   -0.000924  -0.163542 -0.097969   \n",
       "IR                         -0.107677   -0.009677  -0.102381 -0.088293   \n",
       "Renovation                 -0.040708   -0.287432   0.072179  0.047940   \n",
       "Loss                        0.047168    0.010995  -0.045576 -0.020596   \n",
       "\n",
       "                         CR        CS  CS Ratio  NOI Ratio  PV Ratio  \\\n",
       "NOI               -0.039261 -0.031610 -0.013732  -0.028327  0.941002   \n",
       "DSCR               0.062389  0.099111  0.028159  -0.132254  0.142474   \n",
       "LTV               -0.037836 -0.072655  0.022562   0.125718 -0.018622   \n",
       "Balance           -0.181428 -0.172316 -0.058362  -0.035737  0.842617   \n",
       "Rate               0.356323  0.143955  0.030534   0.775484 -0.087840   \n",
       "Fee                0.264194  0.228534 -0.025352   0.133246 -0.085985   \n",
       "Net Mortgage Rate  0.347239  0.135462  0.030513   0.773203 -0.084010   \n",
       "Year Built        -0.028604 -0.018969  0.033025  -0.035368 -0.000924   \n",
       "Occupancy         -0.074684 -0.095288 -0.083508   0.073618 -0.163542   \n",
       "ZipPop            -0.088917 -0.087453  0.005195  -0.006626 -0.097969   \n",
       "CR                 1.000000  0.962149  0.286695   0.152099 -0.000892   \n",
       "CS                 0.962149  1.000000  0.282202  -0.123010  0.009025   \n",
       "CS Ratio           0.286695  0.282202  1.000000   0.020543  0.019085   \n",
       "NOI Ratio          0.152099 -0.123010  0.020543   1.000000 -0.035979   \n",
       "PV Ratio          -0.000892  0.009025  0.019085  -0.035979  1.000000   \n",
       "IR                -0.130886 -0.119246 -0.040094  -0.044155  0.946807   \n",
       "Renovation         0.030717  0.041770  0.025248  -0.039629 -0.031386   \n",
       "Loss               0.014636  0.003225 -0.094276   0.041599 -0.045671   \n",
       "\n",
       "                         IR  Renovation      Loss  \n",
       "NOI                0.938568   -0.025669 -0.033794  \n",
       "DSCR               0.162486    0.022581 -0.094803  \n",
       "LTV               -0.033788   -0.051427  0.185997  \n",
       "Balance            0.872621   -0.037524 -0.016545  \n",
       "Rate              -0.111365   -0.041804  0.045590  \n",
       "Fee               -0.085975   -0.002223 -0.020853  \n",
       "Net Mortgage Rate -0.107677   -0.040708  0.047168  \n",
       "Year Built        -0.009677   -0.287432  0.010995  \n",
       "Occupancy         -0.102381    0.072179 -0.045576  \n",
       "ZipPop            -0.088293    0.047940 -0.020596  \n",
       "CR                -0.130886    0.030717  0.014636  \n",
       "CS                -0.119246    0.041770  0.003225  \n",
       "CS Ratio          -0.040094    0.025248 -0.094276  \n",
       "NOI Ratio         -0.044155   -0.039629  0.041599  \n",
       "PV Ratio           0.946807   -0.031386 -0.045671  \n",
       "IR                 1.000000   -0.028525 -0.058062  \n",
       "Renovation        -0.028525    1.000000 -0.045033  \n",
       "Loss              -0.058062   -0.045033  1.000000  "
      ]
     },
     "execution_count": 8,
     "metadata": {},
     "output_type": "execute_result"
    }
   ],
   "source": [
    "\n",
    "data_clean.corr()\n"
   ]
  },
  {
   "cell_type": "code",
   "execution_count": 9,
   "metadata": {},
   "outputs": [
    {
     "data": {
      "text/plain": [
